95000
95007
95008
95009
95010
95020
95028
95030
95036
95037
95038
95039
95040
95041
95045
95046
95047
95049
95050
95060
95061
95065
95070
95090
95097
95099
95110
95113
95200
95201
95202
95203
95204
95205
95206
95208
95209
95210
95213
95290
95300
95301
95302
95303
95304
95305
95306
95307
95308
95309
95310
95314
95316
95317
95385
95387
95400
95401
95406
95407
95408
95500
95504
95510
95511
95514
95515
95516
95518
95520
95521
95522
95524
95525
95528
95540
95541
95544
95545
95547
95548
95549
95550
95600
95603
95605
95607
95609
95700
95707
95710
95713
95715
95716
95717
95718
95728
95803
95805
95806
95808
95810
95815
95817
95818
95819
95824
95840
95847
95855
95858
95909
X64
X65
X66
X67
X670
X671
X678
X68
X69
X70
X700
X701
X702
X71
X710
X711
X712
X718
X72
X741
X742
X743
X744
X749
X76
X78
X780
X781
X783
X788
X789
X80
X81
X810
X812
X82
X821
X823
X824
X825
X828
X829
X83
X84
